##FastQC	0.10.1
>>Basic Statistics	pass
#Measure	Value	
Filename	ECOLI_R1.fastq.gz	
File type	Conventional base calls	
Encoding	Sanger / Illumina 1.9	
Total Sequences	5000000	
Filtered Sequences	0	
Sequence length	100	
%GC	50	
>>END_MODULE
>>Per base sequence quality	fail
#Base	Mean	Median	Lower Quartile	Upper Quartile	10th Percentile	90th Percentile
1	37.8153032	39.0	38.0	39.0	35.0	39.0
2	37.368122	39.0	37.0	39.0	34.0	39.0
3	37.454281	39.0	38.0	39.0	35.0	39.0
4	37.4623072	39.0	38.0	39.0	35.0	39.0
5	37.4522744	39.0	38.0	39.0	35.0	39.0
6	37.551114	39.0	38.0	39.0	35.0	39.0
7	37.5381304	39.0	38.0	39.0	35.0	39.0
8	37.5249476	39.0	38.0	39.0	35.0	39.0
9	37.512076	39.0	38.0	39.0	35.0	39.0
10-14	37.47293232	39.0	37.4	39.0	34.8	39.0
15-19	37.36173024	39.0	37.0	39.0	34.0	39.0
20-24	37.10652424	39.0	37.0	39.0	33.2	39.0
25-29	36.7438888	39.0	36.6	39.0	32.8	39.0
30-34	36.36326276	39.0	36.0	39.0	31.6	39.0
35-39	35.92645216	38.4	36.0	39.0	30.6	39.0
40-44	35.43815848	38.0	35.4	39.0	29.4	39.0
45-49	34.90853024	38.0	34.8	39.0	27.6	39.0
50-54	34.28122752	37.6	33.8	39.0	25.8	39.0
55-59	33.529887280000004	37.0	33.0	39.0	23.2	39.0
60-64	32.69482344000001	36.6	31.8	39.0	19.8	39.0
65-69	31.670553359999996	36.0	30.4	38.2	14.0	39.0
70-74	30.504506040000003	35.6	28.8	38.0	3.2	39.0
75-79	29.095702080000002	34.6	26.0	38.0	2.0	39.0
80-84	27.516349560000002	33.4	22.2	37.4	2.0	39.0
85-89	25.62509116	32.2	15.2	36.8	2.0	38.6
90-94	23.082120800000002	29.8	2.0	35.8	2.0	38.0
95-99	20.510808759999996	26.4	2.0	34.8	2.0	37.8
100	18.358679	21.0	2.0	34.0	2.0	37.0
>>END_MODULE
>>Per sequence quality scores	pass
#Quality	Count
2	6186.0
3	916.0
4	1917.0
5	2965.0
6	4708.0
7	6000.0
8	8265.0
9	9113.0
10	12475.0
11	13838.0
12	17765.0
13	18948.0
14	22190.0
15	24986.0
16	28330.0
17	32765.0
18	37142.0
19	43008.0
20	48412.0
21	55156.0
22	62645.0
23	70665.0
24	81157.0
25	90718.0
26	103314.0
27	116560.0
28	132723.0
29	152695.0
30	177173.0
31	208537.0
32	251532.0
33	311894.0
34	402453.0
35	533098.0
36	703112.0
37	826579.0
38	380057.0
39	3.0
>>END_MODULE
>>Per base sequence content	pass
#Base	G	A	T	C
1	25.25030833053033	26.867021446991174	24.3937100571813	23.488960165297197
2	25.963431645475886	26.375746247000503	25.086867853990757	22.57395425353285
3	23.83555354710521	25.285900638545783	25.932431745487893	24.946114068861117
4	24.568838888831078	25.206024768599868	25.623637674975964	24.601498667593095
5	25.412811448434713	25.312271426041345	25.311591019838843	23.96332610568509
6	25.006664083750525	24.95937510506438	24.77294085815788	25.261019953027215
7	25.37397065389256	25.025660483535766	25.030243248776312	24.570125613795362
8	24.799966700306562	24.96728565273503	25.07783102927071	25.1549166176877
9	24.953227731767623	24.492819313659865	25.15224375811098	25.401709196461535
10-14	25.15738667430937	24.648584884891058	24.831557551270052	25.362470889529515
15-19	25.273045449813512	24.49360400782183	24.731987581480574	25.501362960884084
20-24	25.346046527935595	24.50698320880752	24.666004873553142	25.48096538970374
25-29	25.358916868831578	24.621577682675845	24.62206216574422	25.397443282748362
30-34	25.32488609128732	24.653564017800367	24.627885250326713	25.3936646405856
35-39	25.291905394028696	24.661856730638746	24.6634919090331	25.382745966299453
40-44	25.28108578543844	24.7131421032868	24.680297186769167	25.325474924505592
45-49	25.280660522791994	24.62595770344104	24.686695348488303	25.406686425278664
50-54	25.27853873955863	24.59038161236587	24.7115506046823	25.419529043393197
55-59	25.33453986584277	24.555237181370767	24.686191730308863	25.4240312224776
60-64	25.378923570311358	24.47605942991547	24.686839369842183	25.458177629930994
65-69	25.41688488717363	24.3438074765143	24.700175149904904	25.539132486407162
70-74	25.474320824643847	24.270115257791026	24.651927341621988	25.60363657594314
75-79	25.535428752602506	24.06974490775249	24.622619270210333	25.77220706943467
80-84	25.617819615253385	23.875595460228734	24.66424138981216	25.842343534705712
85-89	25.720912625402224	23.720008023978952	24.650965933560094	25.908113417058733
90-94	25.818652608347993	23.32971905969384	24.715118069855297	26.136510262102874
95-99	26.005779939053582	23.058241761015065	24.79974253341083	26.13623576652052
100	25.91883468405914	22.931062314169225	24.80041529160737	26.34968771016427
>>END_MODULE
>>Per base GC content	pass
#Base	%GC
1	48.739268495827524
2	48.53738589900874
3	48.78166761596633
4	49.17033755642417
5	49.37613755411981
6	50.26768403677774
7	49.94409626768792
8	49.954883317994266
9	50.35493692822916
10-14	50.51985756383889
15-19	50.77440841069759
20-24	50.82701191763934
25-29	50.75636015157994
30-34	50.718550731872924
35-39	50.67465136032815
40-44	50.606560709944034
45-49	50.687346948070655
50-54	50.698067782951824
55-59	50.75857108832037
60-64	50.83710120024235
65-69	50.9560173735808
70-74	51.07795740058698
75-79	51.30763582203718
80-84	51.4601631499591
85-89	51.62902604246096
90-94	51.95516287045086
95-99	52.14201570557411
100	52.2685223942234
>>END_MODULE
>>Per sequence GC content	warn
#GC Content	Count
0	27.0
1	18.0
2	8.5
3	10.5
4	11.5
5	12.5
6	25.5
7	46.0
8	76.0
9	127.5
10	192.0
11	264.5
12	340.5
13	401.5
14	464.0
15	520.5
16	568.0
17	608.5
18	665.5
19	853.0
20	1122.0
21	1490.0
22	1930.0
23	2588.5
24	3483.0
25	4481.0
26	5863.5
27	7650.0
28	9874.5
29	12399.0
30	15073.5
31	18017.5
32	21109.5
33	24718.0
34	29206.5
35	34309.5
36	39563.5
37	44746.5
38	51055.5
39	59235.0
40	69253.0
41	80364.0
42	93145.0
43	108174.0
44	124539.0
45	143110.5
46	163650.5
47	185658.5
48	209479.0
49	234055.5
50	256179.5
51	275434.0
52	288894.5
53	294634.0
54	292422.5
55	280350.0
56	259930.0
57	233626.0
58	204599.0
59	174288.0
60	144144.0
61	116873.0
62	92812.0
63	71766.5
64	54718.5
65	41351.0
66	30814.5
67	22680.5
68	16738.0
69	12188.0
70	8851.5
71	6428.0
72	4544.0
73	3278.0
74	2386.0
75	1659.5
76	1169.5
77	859.0
78	587.0
79	395.5
80	273.5
81	172.5
82	100.0
83	59.0
84	46.0
85	34.0
86	23.0
87	17.0
88	11.5
89	6.5
90	6.0
91	5.5
92	3.5
93	1.5
94	1.0
95	2.0
96	3.0
97	4.0
98	4.5
99	9.5
100	24.5
>>END_MODULE
>>Per base N content	pass
#Base	N-Count
1	0.1072
2	0.0666
3	0.06668
4	0.060559999999999996
5	0.059699999999999996
6	0.06128
7	0.060340000000000005
8	0.05914
9	0.0583
10-14	0.07032
15-19	0.060228
20-24	0.061416
25-29	0.099708
30-34	0.166548
35-39	0.19437600000000002
40-44	0.20982399999999998
45-49	0.23320799999999997
50-54	0.22859999999999997
55-59	0.258524
60-64	0.27514
65-69	0.261436
70-74	0.24726399999999998
75-79	0.24424400000000002
80-84	0.22087600000000002
85-89	0.19913999999999998
90-94	0.147756
95-99	0.147044
100	0.13764
>>END_MODULE
>>Sequence Length Distribution	pass
#Length	Count
100	5000000.0
>>END_MODULE
>>Sequence Duplication Levels	warn
#Total Duplicate Percentage	38.74215080346106
#Duplication Level	Relative count
1	100.0
2	44.906129433225175
3	12.43643759988377
4	2.6611458181994285
5	0.6650846691526627
6	0.32124235233344633
7	0.1686925920544982
8	0.10896411448496295
9	0.0718356014011978
10++	0.08878557476552537
>>END_MODULE
>>Overrepresented sequences	pass
>>END_MODULE
>>Kmer Content	warn
#Sequence	Count	Obs/Exp Overall	Obs/Exp Max	Max Obs/Exp Position
TTTTT	1467420	3.3235466	4.6482663	95-96
>>END_MODULE
