##FastQC	0.10.1
>>Basic Statistics	pass
#Measure	Value	
Filename	ECOLI_R1.qc.fq.gz	
File type	Conventional base calls	
Encoding	Sanger / Illumina 1.9	
Total Sequences	4991513	
Filtered Sequences	0	
Sequence length	25-100	
%GC	50	
>>END_MODULE
>>Per base sequence quality	fail
#Base	Mean	Median	Lower Quartile	Upper Quartile	10th Percentile	90th Percentile
1	37.82553466253619	39.0	38.0	39.0	35.0	39.0
2	37.37517382004214	39.0	37.0	39.0	34.0	39.0
3	37.461197636868825	39.0	38.0	39.0	35.0	39.0
4	37.46950473734116	39.0	38.0	39.0	35.0	39.0
5	37.46222898748336	39.0	38.0	39.0	35.0	39.0
6	37.55839642208685	39.0	38.0	39.0	35.0	39.0
7	37.54546767683466	39.0	38.0	39.0	35.0	39.0
8	37.53243956291409	39.0	38.0	39.0	35.0	39.0
9	37.51948337107406	39.0	38.0	39.0	35.0	39.0
10-14	37.48173629919425	39.0	37.4	39.0	34.8	39.0
15-19	37.36960636985218	39.0	37.0	39.0	34.0	39.0
20-24	37.116092535469704	39.0	37.0	39.0	33.2	39.0
25-29	36.76624201299666	39.0	36.6	39.0	32.8	39.0
30-34	36.40887692909643	39.0	36.0	39.0	31.6	39.0
35-39	35.987608840537746	38.4	36.0	39.0	30.6	39.0
40-44	35.507489597579365	38.0	35.4	39.0	29.4	39.0
45-49	34.98814139924897	38.0	35.0	39.0	28.0	39.0
50-54	34.37161508147267	37.6	34.0	39.0	26.0	39.0
55-59	33.63228718838861	37.0	33.0	39.0	23.6	39.0
60-64	32.80928777907066	36.8	32.2	39.0	20.4	39.0
65-69	31.795702742276536	36.0	30.6	38.4	15.2	39.0
70-74	30.64194234108745	35.6	28.8	38.0	3.6	39.0
75-79	29.247636928161633	34.8	26.4	38.0	2.0	39.0
80-84	27.684255065718787	33.6	22.8	37.4	2.0	39.0
85-89	25.81023974682072	32.2	16.4	36.8	2.0	38.6
90-94	23.284432061947555	29.8	2.6	36.0	2.0	38.0
95-99	20.734993190539345	26.8	2.0	35.0	2.0	38.0
100	18.598899066767867	22.0	2.0	34.0	2.0	37.0
>>END_MODULE
>>Per sequence quality scores	pass
#Quality	Count
2	5471.0
3	853.0
4	1725.0
5	2693.0
6	4152.0
7	5407.0
8	7665.0
9	8454.0
10	11236.0
11	12268.0
12	15377.0
13	17270.0
14	20762.0
15	23735.0
16	27116.0
17	31377.0
18	35631.0
19	41723.0
20	47371.0
21	54026.0
22	61626.0
23	69612.0
24	80058.0
25	89749.0
26	102416.0
27	115924.0
28	132264.0
29	152511.0
30	177488.0
31	209291.0
32	252996.0
33	314199.0
34	405713.0
35	537440.0
36	706944.0
37	828179.0
38	380756.0
39	35.0
>>END_MODULE
>>Per base sequence content	pass
#Base	G	A	T	C
1	25.253224823815945	26.865741910318576	24.392924550131394	23.48810871573409
2	25.96030709298512	26.37580800754421	25.090092690824502	22.57379220864617
3	23.834413049209182	25.285900009923427	25.932887547499643	24.94679939336774
4	24.56821110832915	25.20864525965868	25.621054543347878	24.602089088664286
5	25.413212827583916	25.311860345259955	25.311940529185843	23.962986297970286
6	25.008785271134613	24.960193149673557	24.772981176767274	25.25804040242455
7	25.372240930796274	25.02712737668996	25.030855950171826	24.56977574234194
8	24.799646711888773	24.96797173855477	25.079546955706483	25.15283459384997
9	24.953629358404317	24.49330063751238	25.152402202698187	25.40066780138511
10-14	25.156598479305803	24.648468124992657	24.83246529869599	25.362468097005554
15-19	25.272845485977264	24.4944261417526	24.732087841534707	25.50064053073543
20-24	25.34582551916877	24.508557089029736	24.665895477098672	25.479721914702818
25-29	25.35805444595558	24.622417298469266	24.623592322369774	25.395935933205386
30-34	25.32363308215933	24.655351704463417	24.628794766878805	25.392220446498442
35-39	25.291040808497716	24.66399840453436	24.663625069428285	25.38133571753964
40-44	25.279627408107334	24.715771323885985	24.68135014533342	25.323251122673256
45-49	25.278626593914172	24.629230538069926	24.688802188503065	25.403340679512837
50-54	25.276091879385437	24.594804157602816	24.71429568401396	25.414808278997786
55-59	25.33191483956813	24.560673166077763	24.688210590051714	25.419201404302395
60-64	25.3738596480011	24.483562046122643	24.690031469647707	25.45254683622855
65-69	25.41166720077085	24.353980006776137	24.703411264269253	25.530941528183764
70-74	25.467622870334544	24.281745383100994	24.65855738914554	25.592074357418927
75-79	25.526117126590425	24.08569695630952	24.6290396240212	25.759146293078857
80-84	25.60670256311824	23.89658364458199	24.67099522123802	25.825718571061756
85-89	25.706270706855765	23.745588803756192	24.659450261548706	25.88869022783934
90-94	25.804425915178097	23.35955377967548	24.725486594033395	26.11053371111303
95-99	25.98690581055923	23.091949680401555	24.812861273813766	26.108283235225453
100	25.91472448945811	22.9568727695622	24.81330381317403	26.315098927805664
>>END_MODULE
>>Per base GC content	pass
#Base	%GC
1	48.74133353955003
2	48.53409930163129
3	48.78121244257693
4	49.17030019699344
5	49.3761991255542
6	50.26682567355917
7	49.94201667313821
8	49.95248130573875
9	50.35429715978943
10-14	50.51906657631135
15-19	50.773486016712695
20-24	50.825547433871584
25-29	50.75399037916096
30-34	50.715853528657775
35-39	50.672376526037354
40-44	50.60287853078059
45-49	50.681967273427006
50-54	50.69090015838322
55-59	50.751116243870534
60-64	50.82640648422965
65-69	50.94260872895461
70-74	51.05969722775347
75-79	51.28526341966928
80-84	51.43242113418
85-89	51.5949609346951
90-94	51.91495962629112
95-99	52.095189045784686
100	52.229823417263766
>>END_MODULE
>>Per sequence GC content	warn
#GC Content	Count
0	27.0
1	18.0
2	8.5
3	8.0
4	6.0
5	3.0
6	2.0
7	1.5
8	2.5
9	3.0
10	5.5
11	8.0
12	9.5
13	19.5
14	35.5
15	66.0
16	123.5
17	199.5
18	299.5
19	493.5
20	764.0
21	1142.0
22	1598.5
23	2300.0
24	3238.5
25	4256.0
26	5667.0
27	7478.5
28	9717.5
29	12301.0
30	15032.5
31	18008.0
32	21124.0
33	24737.5
34	29269.0
35	34399.0
36	39729.0
37	44987.0
38	51353.0
39	59609.0
40	69665.0
41	80861.0
42	93740.0
43	108860.0
44	125293.0
45	143897.5
46	164500.5
47	186659.0
48	210640.0
49	235366.5
50	257455.5
51	276608.0
52	290186.0
53	296017.0
54	293775.5
55	281721.0
56	261218.0
57	234780.5
58	205781.0
59	175499.0
60	145279.5
61	117834.5
62	93662.5
63	72568.0
64	55433.0
65	41963.5
66	31346.5
67	23172.0
68	17115.0
69	12481.0
70	9111.5
71	6614.0
72	4707.0
73	3433.0
74	2494.0
75	1738.5
76	1244.0
77	919.0
78	621.5
79	418.0
80	295.0
81	186.5
82	110.0
83	65.0
84	49.0
85	36.0
86	24.5
87	18.5
88	13.0
89	7.0
90	6.0
91	5.5
92	3.5
93	1.5
94	0.5
95	1.0
96	2.5
97	4.0
98	4.5
99	10.0
100	26.5
>>END_MODULE
>>Per base N content	pass
#Base	N-Count
1	0.0
2	0.06645279697758977
3	0.06647283098331107
4	0.06054276528980291
5	0.05974140506095045
6	0.06110371744999963
7	0.06030235722114717
8	0.05910031687786849
9	0.058178752614688176
10-14	0.07015107443374384
15-19	0.05997379952731767
20-24	0.060687010130996345
25-29	0.06269411308570381
30-34	0.0655908684165211
35-39	0.06524287717116706
40-44	0.06320938774768295
45-49	0.06434992745581251
50-54	0.060089310422863314
55-59	0.06195771931964126
60-64	0.06196473584030033
65-69	0.05716459124382238
70-74	0.05218208494202282
75-79	0.04816319395531182
80-84	0.044206967106671734
85-89	0.03908412976947828
90-94	0.027992513235414775
95-99	0.015761343599032713
100	0.0
>>END_MODULE
>>Sequence Length Distribution	warn
#Length	Count
24-25	774.0
26-27	962.0
28-29	1779.0
30-31	339.0
32-33	1608.0
34-35	318.0
36-37	607.0
38-39	394.0
40-41	305.0
42-43	498.0
44-45	626.0
46-47	1186.0
48-49	563.0
50-51	640.0
52-53	612.0
54-55	1000.0
56-57	858.0
58-59	969.0
60-61	726.0
62-63	911.0
64-65	935.0
66-67	930.0
68-69	1257.0
70-71	1174.0
72-73	1518.0
74-75	1533.0
76-77	1510.0
78-79	1938.0
80-81	1874.0
82-83	2421.0
84-85	2386.0
86-87	2591.0
88-89	3305.0
90-91	3535.0
92-93	5292.0
94-95	4747.0
96-97	5226.0
98-99	10025.0
100-101	4923641.0
>>END_MODULE
>>Sequence Duplication Levels	warn
#Total Duplicate Percentage	38.69316917599941
#Duplication Level	Relative count
1	100.0
2	44.85442374385031
3	12.378417614323736
4	2.65827889345915
5	0.6605371400919429
6	0.3169610452455843
7	0.16936849745947255
8	0.10807323171223486
9	0.06936043229292685
10++	0.08791031534801194
>>END_MODULE
>>Overrepresented sequences	pass
>>END_MODULE
>>Kmer Content	warn
#Sequence	Count	Obs/Exp Overall	Obs/Exp Max	Max Obs/Exp Position
TTTTT	1454405	3.2990484	4.735921	95-96
>>END_MODULE
