##FastQC	0.10.1
>>Basic Statistics	pass
#Measure	Value	
Filename	ECOLI_R2.qc.fq.gz	
File type	Conventional base calls	
Encoding	Sanger / Illumina 1.9	
Total Sequences	4991513	
Filtered Sequences	0	
Sequence length	25-100	
%GC	50	
>>END_MODULE
>>Per base sequence quality	fail
#Base	Mean	Median	Lower Quartile	Upper Quartile	10th Percentile	90th Percentile
1	37.493774733232186	39.0	37.0	39.0	35.0	39.0
2	36.97263134444406	39.0	37.0	39.0	33.0	39.0
3	36.92204167353666	39.0	37.0	39.0	33.0	39.0
4	36.96239096241961	39.0	37.0	39.0	33.0	39.0
5	36.946261584413385	39.0	37.0	39.0	33.0	39.0
6	37.020626811950606	39.0	37.0	39.0	33.0	39.0
7	37.02168300473223	39.0	37.0	39.0	33.0	39.0
8	36.982280122279555	39.0	37.0	39.0	33.0	39.0
9	36.95236193915552	39.0	37.0	39.0	33.0	39.0
10-14	36.86916840645311	39.0	37.0	39.0	33.0	39.0
15-19	36.70507275048668	39.0	37.0	39.0	33.0	39.0
20-24	36.49908943440596	39.0	36.4	39.0	32.2	39.0
25-29	36.21210282174585	39.0	36.0	39.0	31.4	39.0
30-34	35.96683802798626	39.0	36.0	39.0	31.0	39.0
35-39	35.605157353190386	38.2	35.8	39.0	30.0	39.0
40-44	35.120626501419686	38.0	35.0	39.0	28.4	39.0
45-49	34.50190670710445	37.8	34.2	39.0	26.8	39.0
50-54	33.80492180270788	37.0	33.4	39.0	24.2	39.0
55-59	33.068300749087214	37.0	32.6	39.0	21.6	39.0
60-64	32.09742942957757	36.0	31.2	38.6	17.0	39.0
65-69	30.603361839168343	35.6	29.0	38.0	6.8	39.0
70-74	28.94704818563913	34.2	25.6	37.6	2.0	39.0
75-79	27.233192114641106	33.0	21.8	36.8	2.0	38.4
80-84	25.573907396546275	31.8	16.2	36.0	2.0	38.0
85-89	23.80665496155164	30.0	6.0	36.0	2.0	38.0
90-94	21.843374373785906	28.0	2.0	35.2	2.0	38.0
95-99	19.04628546237422	22.8	2.0	33.8	2.0	37.0
100	16.95223964816467	16.0	2.0	33.0	2.0	36.0
>>END_MODULE
>>Per sequence quality scores	pass
#Quality	Count
2	22859.0
3	5875.0
4	9142.0
5	9391.0
6	9728.0
7	8993.0
8	9262.0
9	9431.0
10	11603.0
11	13436.0
12	15962.0
13	18513.0
14	21554.0
15	25126.0
16	29161.0
17	34087.0
18	39995.0
19	46657.0
20	54408.0
21	63236.0
22	72396.0
23	82119.0
24	93303.0
25	105037.0
26	117691.0
27	132308.0
28	149425.0
29	172035.0
30	201496.0
31	241202.0
32	294159.0
33	368165.0
34	464980.0
35	581078.0
36	681019.0
37	617643.0
38	159038.0
>>END_MODULE
>>Per base sequence content	pass
#Base	G	A	T	C
1	23.11221066638512	26.803456186531015	25.226639698223764	24.857693448860097
2	24.12233625610593	26.936265006958443	25.459475649063606	23.481923087872026
3	24.4832594734009	25.55987365791608	25.124111751197116	24.83275511748591
4	25.12669657133418	24.70585145709076	24.989074425415012	25.178377546160053
5	25.515180674585274	24.969498321054477	25.283456121886434	24.231864882473815
6	25.268774740005668	24.797759913142105	24.42870207510337	25.504763271748853
7	25.703913461719672	24.79635138673528	24.96303950592631	24.536695645618735
8	24.989734656921005	24.92096487809103	25.007358165839825	25.081942299148135
9	25.2587427223754	24.403601157403184	25.028673455006484	25.308982665214934
10-14	25.34463249744826	24.62955539751644	24.776669962608132	25.24914214242717
15-19	25.38193551951518	24.47941994337948	24.72827887885261	25.410365658252733
20-24	25.400737686751114	24.481716440769677	24.69935151307735	25.41819435940186
25-29	25.367828973385077	24.583626475065742	24.69764352337498	25.350901028174206
30-34	25.351069712788178	24.61997697288237	24.677963799074224	25.350989515255236
35-39	25.29023992033148	24.6527906861749	24.72307653252802	25.333892860965605
40-44	25.297670235944565	24.674405004476306	24.738669655148072	25.289255104431057
45-49	25.348299028534964	24.617310254812246	24.726269352425515	25.308121364227276
50-54	25.366600951456093	24.563452495871886	24.73472053139076	25.335226021281265
55-59	25.416034256171667	24.546219798125822	24.704757586658133	25.33298835904438
60-64	25.48732353692517	24.461183765087934	24.646965436209083	25.404527261777808
65-69	25.53834712686695	24.365957697759118	24.646804417476663	25.448890757897274
70-74	25.623595846852204	24.301974916316098	24.58761226240721	25.486816974424492
75-79	25.73125574981165	24.17321294134123	24.547295933509517	25.548235375337608
80-84	25.82719524027134	24.02337657870983	24.537795984369595	25.611632196649236
85-89	25.960246458906266	23.86314895958843	24.48017929855995	25.696425282945356
90-94	26.142723823142532	23.669952082850955	24.393545742616052	25.79377835139046
95-99	26.28358446434269	23.425990473823212	24.408608926995107	25.881816134838992
100	26.21047851219236	23.451618484295253	24.355769400443506	25.982133603068885
>>END_MODULE
>>Per base GC content	pass
#Base	%GC
1	47.969904115245214
2	47.60425934397795
3	49.31601459088681
4	50.30507411749423
5	49.74704555705909
6	50.773538011754525
7	50.24060910733841
8	50.07167695606915
9	50.567725387590336
10-14	50.593774639875434
15-19	50.792301177767904
20-24	50.81893204615297
25-29	50.71873000155927
30-34	50.7020592280434
35-39	50.624132781297085
40-44	50.58692534037562
45-49	50.65642039276225
50-54	50.70182697273735
55-59	50.74902261521604
60-64	50.89185079870299
65-69	50.98723788476423
70-74	51.1104128212767
75-79	51.27949112514926
80-84	51.438827436920576
85-89	51.656671741851625
90-94	51.936502174533
95-99	52.16540059918168
100	52.19261211526124
>>END_MODULE
>>Per sequence GC content	warn
#GC Content	Count
0	81.0
1	50.0
2	17.0
3	16.5
4	19.0
5	15.0
6	12.5
7	16.5
8	18.5
9	16.5
10	22.0
11	22.5
12	16.5
13	34.5
14	53.5
15	83.0
16	139.5
17	229.0
18	345.5
19	524.5
20	808.5
21	1232.5
22	1738.5
23	2505.5
24	3437.0
25	4468.5
26	5913.0
27	7678.0
28	9948.0
29	12704.5
30	15443.5
31	18346.5
32	21510.5
33	25145.5
34	29646.0
35	34407.0
36	39477.5
37	44689.0
38	50855.5
39	59129.5
40	68901.0
41	80074.0
42	93309.0
43	107902.0
44	123869.5
45	142375.5
46	162869.0
47	185373.5
48	209090.5
49	232337.5
50	253840.0
51	272699.0
52	286890.5
53	292935.5
54	290421.0
55	278935.5
56	259235.5
57	234355.5
58	206134.5
59	176594.0
60	147543.5
61	120418.5
62	96106.0
63	75002.5
64	57440.5
65	43479.0
66	32744.5
67	24442.0
68	17892.0
69	13028.5
70	9480.0
71	6804.0
72	4870.0
73	3428.5
74	2400.0
75	1680.5
76	1155.5
77	803.5
78	554.0
79	385.5
80	277.0
81	202.0
82	145.5
83	97.0
84	76.5
85	66.5
86	45.0
87	36.5
88	33.5
89	26.0
90	18.5
91	17.5
92	18.0
93	19.5
94	18.0
95	13.0
96	15.5
97	17.0
98	17.5
99	23.5
100	55.0
>>END_MODULE
>>Per base N content	pass
#Base	N-Count
1	0.0
2	0.06665313703480287
3	0.06947793184150779
4	0.06444939640545863
5	0.06537096066863894
6	0.0628066079363111
7	0.07522769148352414
8	0.07727116006709789
9	0.06911731973852417
10-14	0.06322331525531437
15-19	0.06300294119237995
20-24	0.06335954649421928
25-29	0.062168117817058
30-34	0.06173802024530985
35-39	0.061301096638343246
40-44	0.06210823090793223
45-49	0.06136213925938043
50-54	0.06030587889281806
55-59	0.05870373300223262
60-64	0.057610986827727015
65-69	0.055411498329564754
70-74	0.052555813180777775
75-79	0.049914225381325304
80-84	0.04681194134824832
85-89	0.04064113926428212
90-94	0.03330873331974337
95-99	0.025796761820501155
100	0.0
>>END_MODULE
>>Sequence Length Distribution	warn
#Length	Count
24-25	106.0
26-27	202.0
28-29	213.0
30-31	227.0
32-33	233.0
34-35	265.0
36-37	282.0
38-39	291.0
40-41	310.0
42-43	391.0
44-45	368.0
46-47	384.0
48-49	486.0
50-51	482.0
52-53	597.0
54-55	626.0
56-57	646.0
58-59	787.0
60-61	800.0
62-63	955.0
64-65	998.0
66-67	1126.0
68-69	1363.0
70-71	1342.0
72-73	1638.0
74-75	1728.0
76-77	1796.0
78-79	2260.0
80-81	2112.0
82-83	2521.0
84-85	2564.0
86-87	2756.0
88-89	3248.0
90-91	3498.0
92-93	4501.0
94-95	4290.0
96-97	4990.0
98-99	9870.0
100-101	4930261.0
>>END_MODULE
>>Sequence Duplication Levels	warn
#Total Duplicate Percentage	36.82463352974061
#Duplication Level	Relative count
1	100.0
2	41.5679303350901
3	11.281392671715075
4	2.4652106157544815
5	0.6272661064864484
6	0.28974838876402736
7	0.15583764692984173
8	0.10180348794411771
9	0.05246795147889144
10++	0.0790934790950453
>>END_MODULE
>>Overrepresented sequences	pass
>>END_MODULE
>>Kmer Content	warn
#Sequence	Count	Obs/Exp Overall	Obs/Exp Max	Max Obs/Exp Position
TTTTT	1454730	3.3379056	4.3912168	95-96
AAAAA	1269915	3.066404	3.3806098	1
>>END_MODULE
