##FastQC	0.10.1
>>Basic Statistics	pass
#Measure	Value	
Filename	ECOLI_R2.fastq.gz	
File type	Conventional base calls	
Encoding	Sanger / Illumina 1.9	
Total Sequences	5000000	
Filtered Sequences	0	
Sequence length	100	
%GC	50	
>>END_MODULE
>>Per base sequence quality	fail
#Base	Mean	Median	Lower Quartile	Upper Quartile	10th Percentile	90th Percentile
1	37.4547226	39.0	37.0	39.0	35.0	39.0
2	36.9336734	39.0	37.0	39.0	33.0	39.0
3	36.8829886	39.0	37.0	39.0	33.0	39.0
4	36.9229114	39.0	37.0	39.0	33.0	39.0
5	36.9048552	39.0	37.0	39.0	33.0	39.0
6	36.9804522	39.0	37.0	39.0	33.0	39.0
7	36.980877	39.0	37.0	39.0	33.0	39.0
8	36.9410886	39.0	37.0	39.0	33.0	39.0
9	36.9107202	39.0	37.0	39.0	33.0	39.0
10-14	36.8258116	39.0	37.0	39.0	33.0	39.0
15-19	36.66196704	39.0	37.0	39.0	33.0	39.0
20-24	36.45597232	39.0	36.4	39.0	32.0	39.0
25-29	36.1675406	39.0	36.0	39.0	31.2	39.0
30-34	35.91904652	39.0	36.0	39.0	31.0	39.0
35-39	35.553720479999996	38.2	35.8	39.0	30.0	39.0
40-44	35.064793640000005	38.0	35.0	39.0	28.2	39.0
45-49	34.440639	37.8	34.0	39.0	26.6	39.0
50-54	33.73722584	37.0	33.2	39.0	24.0	39.0
55-59	32.99237344	37.0	32.4	39.0	21.0	39.0
60-64	32.01181484	36.0	31.2	38.6	16.0	39.0
65-69	30.50706704	35.4	28.8	38.0	5.6	39.0
70-74	28.837234560000002	34.2	25.4	37.4	2.0	39.0
75-79	27.10833864	32.8	21.0	36.8	2.0	38.4
80-84	25.431676359999997	31.6	15.6	36.0	2.0	38.0
85-89	23.64669048	29.8	5.2	36.0	2.0	38.0
90-94	21.664698599999998	27.6	2.0	35.0	2.0	38.0
95-99	18.85473604	22.2	2.0	33.6	2.0	37.0
100	16.7476394	15.0	2.0	33.0	2.0	36.0
>>END_MODULE
>>Per sequence quality scores	pass
#Quality	Count
2	28017.0
3	6247.0
4	9713.0
5	9908.0
6	10212.0
7	9339.0
8	9637.0
9	9740.0
10	12057.0
11	13994.0
12	16524.0
13	19162.0
14	22286.0
15	25929.0
16	30021.0
17	34991.0
18	41108.0
19	47722.0
20	55483.0
21	64307.0
22	73461.0
23	83090.0
24	94304.0
25	105849.0
26	118428.0
27	132716.0
28	149566.0
29	171671.0
30	200632.0
31	239808.0
32	292165.0
33	365538.0
34	461981.0
35	578388.0
36	679550.0
37	617411.0
38	159045.0
>>END_MODULE
>>Per base sequence content	pass
#Base	G	A	T	C
1	23.109413500636037	26.800988660286006	25.2271587592001	24.862439079877856
2	24.122067960054697	26.93335726147254	25.457490465631306	23.487084312841457
3	24.483533916136793	25.55651587820616	25.12336919020097	24.836581015456076
4	25.12811412562134	24.701721313872298	24.987311764467893	25.182852796038468
5	25.517160435051085	24.964704124525092	25.283123093627154	24.235012346796672
6	25.268518073447417	24.794210248029223	24.426933121835546	25.510338556687817
7	25.706128453422146	24.792066538707612	24.961389938187846	24.540415069682396
8	24.99139135529815	24.917153688596425	25.005593866278055	25.085861089827375
9	25.25933890462137	24.398868543267486	25.028773148213062	25.313019403898085
10-14	25.346370480224135	24.625518362057612	24.775475245998667	25.25263591171959
15-19	25.38227610194841	24.47541065544672	24.72735243381517	25.4149608087897
20-24	25.401059604155286	24.476959299831233	24.6994260377383	25.422555058275186
25-29	25.36827416034693	24.579730895122086	24.696477208335278	25.355517736195704
30-34	25.35143462507406	24.616118539958105	24.677399886376005	25.35504694859183
35-39	25.290708638415747	24.647828450613343	24.722475998795325	25.33898691217558
40-44	25.2987905712787	24.669638333833966	24.737395899848657	25.294175195038676
45-49	25.35020923743179	24.612018537233492	24.724432490879202	25.31333973445551
50-54	25.369351300010802	24.556674143329072	24.73335388304465	25.340620673615483
55-59	25.420839915087367	24.538236307709653	24.70163115402009	25.339292623182892
60-64	25.49290347415047	24.451610258630616	24.6438086676907	25.411677599528215
65-69	25.546202554019725	24.35503637426901	24.64197334938375	25.456787722327512
70-74	25.634971137284197	24.289074979784544	24.58152876697999	25.49442511595127
75-79	25.745768575930732	24.15803042131637	24.539641819257483	25.556559183495413
80-84	25.845941211147842	24.004248854422897	24.52759616205832	25.622213772370937
85-89	25.983971156122752	23.84028809916132	24.46717898819595	25.70856175651997
90-94	26.168455706555754	23.644964771707095	24.378708333570273	25.807871188166875
95-99	26.315083557604318	23.398448045711593	24.388142600503233	25.898325796180856
100	26.238056737244914	23.422584064727893	24.338430313751793	26.0009288842754
>>END_MODULE
>>Per base GC content	pass
#Base	%GC
1	47.97185258051389
2	47.609152272896154
3	49.32011493159287
4	50.310966921659805
5	49.752172781847754
6	50.77885663013523
7	50.246543523104535
8	50.07725244512552
9	50.57235830851946
10-14	50.599006391943725
15-19	50.79723691073811
20-24	50.82361466243047
25-29	50.723791896542636
30-34	50.70648157366588
35-39	50.629695550591336
40-44	50.59296576631738
45-49	50.66354897188731
50-54	50.70997197362628
55-59	50.760132538270256
60-64	50.90458107367869
65-69	51.00299027634724
70-74	51.12939625323546
75-79	51.30232775942615
80-84	51.46815498351879
85-89	51.69253291264273
90-94	51.97632689472263
95-99	52.21340935378518
100	52.238985621520314
>>END_MODULE
>>Per sequence GC content	warn
#GC Content	Count
0	113.0
1	92.0
2	64.5
3	66.5
4	81.5
5	86.5
6	88.5
7	101.5
8	104.5
9	104.0
10	129.0
11	140.0
12	124.0
13	143.5
14	175.0
15	205.0
16	251.0
17	346.5
18	454.0
19	618.0
20	903.5
21	1322.0
22	1831.0
23	2602.0
24	3531.5
25	4559.5
26	6000.0
27	7760.5
28	10036.0
29	12801.5
30	15523.5
31	18413.0
32	21581.0
33	25219.5
34	29714.5
35	34453.0
36	39519.5
37	44734.5
38	50888.0
39	59124.5
40	68871.0
41	80032.5
42	93235.5
43	107783.0
44	123707.5
45	142148.0
46	162580.0
47	185035.0
48	208659.5
49	231791.0
50	253344.0
51	272251.0
52	286353.0
53	292407.5
54	289865.5
55	278313.5
56	258563.5
57	233738.5
58	205606.5
59	176067.0
60	147002.5
61	119831.0
62	95531.0
63	74458.5
64	57033.0
65	43185.5
66	32468.0
67	24176.0
68	17624.0
69	12775.5
70	9270.0
71	6634.5
72	4700.0
73	3298.0
74	2307.5
75	1607.0
76	1096.5
77	746.0
78	499.5
79	342.5
80	237.0
81	172.5
82	125.5
83	80.0
84	65.5
85	55.5
86	35.0
87	30.0
88	30.5
89	27.5
90	20.0
91	19.0
92	18.5
93	16.5
94	14.0
95	10.0
96	13.0
97	15.5
98	17.5
99	20.5
100	48.5
>>END_MODULE
>>Per base N content	pass
#Base	N-Count
1	0.13152
2	0.14545999999999998
3	0.1493
4	0.14372000000000001
5	0.14414
6	0.1408
7	0.15556
8	0.1585
9	0.14996
10-14	0.139296
15-19	0.124544
20-24	0.10911199999999999
25-29	0.12875199999999998
30-34	0.119688
35-39	0.095848
40-44	0.07315200000000001
45-49	0.08002000000000001
50-54	0.092676
55-59	0.087424
60-64	0.076176
65-69	0.088164
70-74	0.12097200000000001
75-79	0.14449199999999998
80-84	0.148144
85-89	0.12105600000000001
90-94	0.11551199999999999
95-99	0.12231600000000001
100	0.13826000000000002
>>END_MODULE
>>Sequence Length Distribution	pass
#Length	Count
100	5000000.0
>>END_MODULE
>>Sequence Duplication Levels	warn
#Total Duplicate Percentage	36.81882720782851
#Duplication Level	Relative count
1	100.0
2	41.52767989977292
3	11.29512176023804
4	2.466525722339676
5	0.6295513272257458
6	0.2912849424477331
7	0.15503875968992248
8	0.102576149087777
9	0.05402865867982147
10++	0.08300054811682718
>>END_MODULE
>>Overrepresented sequences	pass
>>END_MODULE
>>Kmer Content	warn
#Sequence	Count	Obs/Exp Overall	Obs/Exp Max	Max Obs/Exp Position
TTTTT	1467440	3.3609145	4.473885	95-96
AAAAA	1280135	3.0892391	3.2959602	80-84
>>END_MODULE
